4x3x3
camera (0,0,0) (0,0,0)
camera (0,0,0) (0,0,0)
camera (0,0,0) (0,0,0)
boot (0,0,0) (0,0,0)
boot (0,0,0) (0,0,0)
boot (0,0,0) (0,0,0)
hairdryer (0,0,0) (0,0,0)
hairdryer (0,0,0) (0,0,0)
hairdryer (0,0,0) (0,0,0)
 
3x2x2
boot (0,0,0) (0,0,0)
camera (0,0,0) (0,0,0)
hairdryer (0,0,0) (0,0,0)
 
5x2x3
camera (0,0,0) (0,0,0)
camera (0,0,0) (0,0,0)
camera (0,0,0) (0,0,0)
boot (0,0,0) (0,0,0)
boot (0,0,0) (0,0,0)
boot (0,0,0) (0,0,0)
hairdryer (0,0,0) (0,0,0)
 
3x2x3
camera (0,0,0) (0,0,0)
camera (0,0,0) (0,0,0)
boot (0,0,0) (0,0,0)
boot (0,0,0) (0,0,0)
 
4x2x3
hairdryer (0,0,0) (0,0,0)
hairdryer (0,0,0) (0,0,0)
camera (0,0,0) (0,0,0)
camera (0,0,0) (0,0,0)
camera (0,0,0) (0,0,0)
boot (0,0,0) (0,0,0)
 
4x3x4
hairdryer (0,0,0) (0,0,0)
hairdryer (0,0,0) (0,0,0)
hairdryer (0,0,0) (0,0,0)
hairdryer (0,0,0) (0,0,0)
hairdryer (0,0,0) (0,0,0)
boot (0,0,0) (0,0,0)
boot (0,0,0) (0,0,0)
boot (0,0,0) (0,0,0)
camera (0,0,0) (0,0,0)
camera (0,0,0) (0,0,0)
camera (0,0,0) (0,0,0)
 
4x2x3
boot (0,0,0) (0,0,0)
boot (0,0,0) (0,0,0)
boot (0,0,0) (0,0,0)
camera (0,0,0) (0,0,0)
camera (0,0,0) (0,0,0)
hairdryer (0,0,0) (0,0,0)
 
5x3x2
doll (0,0,0) (0,0,0)
doll (0,0,0) (0,0,0)
boot (0,0,0) (0,0,0)
boot (0,0,0) (0,0,0)
camera (0,0,0) (0,0,0)
camera (0,0,0) (0,0,0)
hairdryer (0,0,0) (0,0,0)
hairdryer (0,0,0) (0,0,0)
 
4x3x2
boot (0,0,0) (0,0,0)
boot (0,0,0) (0,0,0)
doll (0,0,0) (0,0,0)
money (0,0,0) (0,0,0) (0,0,0) (0,0,0)
money (0,0,0) (0,0,0) (0,0,0) (0,0,0)
hairdryer (0,0,0) (0,0,0)
 
3x3x3
boot (0,0,0) (0,0,0)
boot (0,0,0) (0,0,0)
money (0,0,0) (0,0,0) (0,0,0) (0,0,0)
money (0,0,0) (0,0,0) (0,0,0) (0,0,0)
hairdryer (0,0,0) (0,0,0)
camera (0,0,0) (0,0,0)
 
3x3x4
boot (0,0,0) (0,0,0)
boot (0,0,0) (0,0,0)
boot (0,0,0) (0,0,0)
doll (0,0,0) (0,0,0)
doll (0,0,0) (0,0,0)
doll (0,0,0) (0,0,0)
money (0,0,0) (0,0,0) (0,0,0) (0,0,0)
 
4x3x3
boot (0,0,0) (0,0,0)
boot (0,0,0) (0,0,0)
boot (0,0,0) (0,0,0)
camera (0,0,0) (0,0,0)
money (0,0,0) (0,0,0) (0,0,0) (0,0,0)
money (0,0,0) (0,0,0) (0,0,0) (0,0,0)
hairdryer (0,0,0) (0,0,0)
 
3x3x3
hairdryer (0,0,0) (0,0,0)
hairdryer (0,0,0) (0,0,0)
boot (0,0,0) (0,0,0)s
doll (0,0,0) (0,0,0)
doll (0,0,0) (0,0,0)
camera (0,0,0) (0,0,0)
camera (0,0,0) (0,0,0)
 
5x3x3
hairdryer (0,0,0) (0,0,0)
hairdryer (0,0,0) (0,0,0)
hairdryer (0,0,0) (0,0,0)
money (0,0,0) (0,0,0) (0,0,0) (0,0,0)
money (0,0,0) (0,0,0) (0,0,0) (0,0,0)
camera (0,0,0) (0,0,0)
camera (0,0,0) (0,0,0)
boot (0,0,0) (0,0,0)
boot (0,0,0) (0,0,0)
boot (0,0,0) (0,0,0)
doll (0,0,0) (0,0,0)
doll (0,0,0) (0,0,0)
 
4x3x3
camera (0,0,0) (0,0,0)
camera (0,0,0) (0,0,0)
hairdryer (0,0,0) (0,0,0)
hairdryer (0,0,0) (0,0,0)
money (0,0,0) (0,0,0) (0,0,0) (0,0,0)
money (0,0,0) (0,0,0) (0,0,0) (0,0,0)
money (0,0,0) (0,0,0) (0,0,0) (0,0,0)
boot (0,0,0) (0,0,0)
doll (0,0,0) (0,0,0)
 
5x2x3
camera (0,0,0) (0,0,0)
hairdryer (0,0,0) (0,0,0)
hairdryer (0,0,0) (0,0,0)
money (0,0,0) (0,0,0) (0,0,0) (0,0,0)
money (0,0,0) (0,0,0) (0,0,0) (0,0,0)
money (0,0,0) (0,0,0) (0,0,0) (0,0,0)
doll (0,0,0) (0,0,0)
doll (0,0,0) (0,0,0)
 
3x3x3
boot (0,0,0) (0,0,0)
boot (0,0,0) (0,0,0)
boot (0,0,0) (0,0,0)
hairdryer (0,0,0) (0,0,0)
money (0,0,0) (0,0,0) (0,0,0) (0,0,0)
money (0,0,0) (0,0,0) (0,0,0) (0,0,0)
doll (0,0,0) (0,0,0)
 
5x3x3
camera (0,0,0) (0,0,0)
camera (0,0,0) (0,0,0)
camera (0,0,0) (0,0,0)
boot (0,0,0) (0,0,0)
boot (0,0,0) (0,0,0)
boot (0,0,0) (0,0,0)
doll (0,0,0) (0,0,0)
doll (0,0,0) (0,0,0)
hairdryer (0,0,0) (0,0,0)
hairdryer (0,0,0) (0,0,0)
hairdryer (0,0,0) (0,0,0)
money (0,0,0) (0,0,0) (0,0,0) (0,0,0)
 
5x2x4
money (0,0,0) (0,0,0) (0,0,0) (0,0,0)
money (0,0,0) (0,0,0) (0,0,0) (0,0,0)
camera (0,0,0) (0,0,0)
camera (0,0,0) (0,0,0)
hairdryer (0,0,0) (0,0,0)
boot (0,0,0) (0,0,0)
boot (0,0,0) (0,0,0)
boot (0,0,0) (0,0,0)
 
5x5x2
doll (0,0,0) (0,0,0)
doll (0,0,0) (0,0,0)
doll (0,0,0) (0,0,0)
doll (0,0,0) (0,0,0)
camera (0,0,0) (0,0,0)
camera (0,0,0) (0,0,0)
money (0,0,0) (0,0,0) (0,0,0) (0,0,0)
money (0,0,0) (0,0,0) (0,0,0) (0,0,0)
money (0,0,0) (0,0,0) (0,0,0) (0,0,0)
hairdryer (0,0,0) (0,0,0)
hairdryer (0,0,0) (0,0,0)
boot (0,0,0) (0,0,0)s
boot (0,0,0) (0,0,0)s
 
4x3x3
boot (0,0,0) (0,0,0)
boot (0,0,0) (0,0,0)
boot (0,0,0) (0,0,0)
boot (0,0,0) (0,0,0)
camera (0,0,0) (0,0,0)
money (0,0,0) (0,0,0) (0,0,0) (0,0,0)
 
5x2x4
boot (0,0,0) (0,0,0)
boot (0,0,0) (0,0,0)
boot (0,0,0) (0,0,0)
camera (0,0,0) (0,0,0)
camera (0,0,0) (0,0,0)
camera (0,0,0) (0,0,0)
hairdryer (0,0,0) (0,0,0)
hairdryer (0,0,0) (0,0,0)
hairdryer (0,0,0) (0,0,0)
hairdryer (0,0,0) (0,0,0)
 
4x3x4
doll (0,0,0) (0,0,0)
doll (0,0,0) (0,0,0)
camera (0,0,0) (0,0,0)
camera (0,0,0) (0,0,0)
boot (0,0,0) (0,0,0)
boot (0,0,0) (0,0,0)
boot (0,0,0) (0,0,0)
hairdryer (0,0,0) (0,0,0)
hairdryer (0,0,0) (0,0,0)
hairdryer (0,0,0) (0,0,0)
hairdryer (0,0,0) (0,0,0)
 
4x3x4
boot (0,0,0) (0,0,0)
boot (0,0,0) (0,0,0)
boot (0,0,0) (0,0,0)
hairdryer (0,0,0) (0,0,0)
hairdryer (0,0,0) (0,0,0)
hairdryer (0,0,0) (0,0,0)
hairdryer (0,0,0) (0,0,0)
camera (0,0,0) (0,0,0)
camera (0,0,0) (0,0,0)
camera (0,0,0) (0,0,0)
money (0,0,0) (0,0,0)
money (0,0,0) (0,0,0)
doll (0,0,0) (0,0,0)
 
5x3x2
boot (0,0,0) (0,0,0)
boot (0,0,0) (0,0,0)
doll (0,0,0) (0,0,0)
money (0,0,0) (0,0,0)
money (0,0,0) (0,0,0)
hairdryer (0,0,0) (0,0,0)
hairdryer (0,0,0) (0,0,0)
camera (0,0,0) (0,0,0)
 
5x3x3
boot (0,0,0) (0,0,0)
boot (0,0,0) (0,0,0)
boot (0,0,0) (0,0,0)
boot (0,0,0) (0,0,0)
hairdryer (0,0,0) (0,0,0)
hairdryer (0,0,0) (0,0,0)
hairdryer (0,0,0) (0,0,0)
camera (0,0,0) (0,0,0)
camera (0,0,0) (0,0,0)
money (0,0,0) (0,0,0)
money (0,0,0) (0,0,0)
doll (0,0,0) (0,0,0)
 